Matriz aleatoria
100 100
14	9	5	15	24	25	9	18	16	25	7	7	7	19	15	21	28	15	16	25	26	21	6	8	14	13	15	24	13	20	22	13	25	22	28	27	26	11	28	21	17	11	8	15	24	12	23	5	22	28	21	22	18	12	26	10	12	8	23	8	6	16	12	9	9	13	20	18	18	7	27	20	24	8	23	27	7	26	20	10	23	18	18	23	14	25	28	10	26	7	21	22	16	16	10	21	27	21	18	9	
26	21	6	8	14	13	15	24	13	20	22	13	25	22	28	27	26	11	28	21	17	11	8	15	24	12	23	5	22	28	21	22	18	12	26	10	12	8	23	8	6	16	12	9	9	13	20	18	18	7	27	20	24	8	23	27	7	26	20	10	23	18	18	23	14	25	28	10	26	7	21	22	16	16	10	21	27	21	18	9	8	18	28	9	24	25	28	16	28	22	8	28	20	9	12	17	10	16	23	10	
17	11	8	15	24	12	23	5	22	28	21	22	18	12	26	10	12	8	23	8	6	16	12	9	9	13	20	18	18	7	27	20	24	8	23	27	7	26	20	10	23	18	18	23	14	25	28	10	26	7	21	22	16	16	10	21	27	21	18	9	8	18	28	9	24	25	28	16	28	22	8	28	20	9	12	17	10	16	23	10	24	24	8	23	8	19	8	28	10	19	28	17	18	13	5	17	22	11	8	27	
6	16	12	9	9	13	20	18	18	7	27	20	24	8	23	27	7	26	20	10	23	18	18	23	14	25	28	10	26	7	21	22	16	16	10	21	27	21	18	9	8	18	28	9	24	25	28	16	28	22	8	28	20	9	12	17	10	16	23	10	24	24	8	23	8	19	8	28	10	19	28	17	18	13	5	17	22	11	8	27	22	28	14	13	7	19	19	8	25	18	14	16	13	21	19	24	11	26	19	20	
23	18	18	23	14	25	28	10	26	7	21	22	16	16	10	21	27	21	18	9	8	18	28	9	24	25	28	16	28	22	8	28	20	9	12	17	10	16	23	10	24	24	8	23	8	19	8	28	10	19	28	17	18	13	5	17	22	11	8	27	22	28	14	13	7	19	19	8	25	18	14	16	13	21	19	24	11	26	19	20	24	7	5	24	16	11	13	22	10	9	21	23	26	21	14	21	8	12	9	27	
8	18	28	9	24	25	28	16	28	22	8	28	20	9	12	17	10	16	23	10	24	24	8	23	8	19	8	28	10	19	28	17	18	13	5	17	22	11	8	27	22	28	14	13	7	19	19	8	25	18	14	16	13	21	19	24	11	26	19	20	24	7	5	24	16	11	13	22	10	9	21	23	26	21	14	21	8	12	9	27	14	26	25	15	25	12	14	8	17	27	10	5	28	20	22	17	15	14	22	17	
24	24	8	23	8	19	8	28	10	19	28	17	18	13	5	17	22	11	8	27	22	28	14	13	7	19	19	8	25	18	14	16	13	21	19	24	11	26	19	20	24	7	5	24	16	11	13	22	10	9	21	23	26	21	14	21	8	12	9	27	14	26	25	15	25	12	14	8	17	27	10	5	28	20	22	17	15	14	22	17	13	24	11	24	6	13	20	16	18	16	25	23	20	15	19	11	19	6	7	18	
22	28	14	13	7	19	19	8	25	18	14	16	13	21	19	24	11	26	19	20	24	7	5	24	16	11	13	22	10	9	21	23	26	21	14	21	8	12	9	27	14	26	25	15	25	12	14	8	17	27	10	5	28	20	22	17	15	14	22	17	13	24	11	24	6	13	20	16	18	16	25	23	20	15	19	11	19	6	7	18	6	27	18	23	13	23	15	21	19	26	17	27	18	5	10	17	8	25	18	26	
24	7	5	24	16	11	13	22	10	9	21	23	26	21	14	21	8	12	9	27	14	26	25	15	25	12	14	8	17	27	10	5	28	20	22	17	15	14	22	17	13	24	11	24	6	13	20	16	18	16	25	23	20	15	19	11	19	6	7	18	6	27	18	23	13	23	15	21	19	26	17	27	18	5	10	17	8	25	18	26	6	13	20	22	25	24	8	24	11	20	12	16	15	19	24	9	22	5	21	13	
14	26	25	15	25	12	14	8	17	27	10	5	28	20	22	17	15	14	22	17	13	24	11	24	6	13	20	16	18	16	25	23	20	15	19	11	19	6	7	18	6	27	18	23	13	23	15	21	19	26	17	27	18	5	10	17	8	25	18	26	6	13	20	22	25	24	8	24	11	20	12	16	15	19	24	9	22	5	21	13	6	16	16	26	9	23	11	8	24	28	20	17	9	15	6	12	28	6	17	26	
13	24	11	24	6	13	20	16	18	16	25	23	20	15	19	11	19	6	7	18	6	27	18	23	13	23	15	21	19	26	17	27	18	5	10	17	8	25	18	26	6	13	20	22	25	24	8	24	11	20	12	16	15	19	24	9	22	5	21	13	6	16	16	26	9	23	11	8	24	28	20	17	9	15	6	12	28	6	17	26	24	21	10	6	12	7	7	26	8	21	5	13	14	11	28	23	5	22	5	9	
6	27	18	23	13	23	15	21	19	26	17	27	18	5	10	17	8	25	18	26	6	13	20	22	25	24	8	24	11	20	12	16	15	19	24	9	22	5	21	13	6	16	16	26	9	23	11	8	24	28	20	17	9	15	6	12	28	6	17	26	24	21	10	6	12	7	7	26	8	21	5	13	14	11	28	23	5	22	5	9	16	24	27	20	25	17	9	16	19	26	22	28	8	23	6	22	15	15	19	11	
6	13	20	22	25	24	8	24	11	20	12	16	15	19	24	9	22	5	21	13	6	16	16	26	9	23	11	8	24	28	20	17	9	15	6	12	28	6	17	26	24	21	10	6	12	7	7	26	8	21	5	13	14	11	28	23	5	22	5	9	16	24	27	20	25	17	9	16	19	26	22	28	8	23	6	22	15	15	19	11	27	14	10	12	28	15	9	16	24	23	24	26	8	19	19	28	20	23	7	17	
6	16	16	26	9	23	11	8	24	28	20	17	9	15	6	12	28	6	17	26	24	21	10	6	12	7	7	26	8	21	5	13	14	11	28	23	5	22	5	9	16	24	27	20	25	17	9	16	19	26	22	28	8	23	6	22	15	15	19	11	27	14	10	12	28	15	9	16	24	23	24	26	8	19	19	28	20	23	7	17	27	16	14	21	23	28	6	17	23	17	24	7	7	27	21	7	13	9	7	18	
24	21	10	6	12	7	7	26	8	21	5	13	14	11	28	23	5	22	5	9	16	24	27	20	25	17	9	16	19	26	22	28	8	23	6	22	15	15	19	11	27	14	10	12	28	15	9	16	24	23	24	26	8	19	19	28	20	23	7	17	27	16	14	21	23	28	6	17	23	17	24	7	7	27	21	7	13	9	7	18	22	8	24	8	17	11	9	15	7	16	15	9	5	21	6	13	12	21	26	6	
16	24	27	20	25	17	9	16	19	26	22	28	8	23	6	22	15	15	19	11	27	14	10	12	28	15	9	16	24	23	24	26	8	19	19	28	20	23	7	17	27	16	14	21	23	28	6	17	23	17	24	7	7	27	21	7	13	9	7	18	22	8	24	8	17	11	9	15	7	16	15	9	5	21	6	13	12	21	26	6	21	15	16	18	25	21	13	12	16	26	19	20	15	20	6	22	26	15	22	23	
27	14	10	12	28	15	9	16	24	23	24	26	8	19	19	28	20	23	7	17	27	16	14	21	23	28	6	17	23	17	24	7	7	27	21	7	13	9	7	18	22	8	24	8	17	11	9	15	7	16	15	9	5	21	6	13	12	21	26	6	21	15	16	18	25	21	13	12	16	26	19	20	15	20	6	22	26	15	22	23	27	14	7	28	6	17	21	18	11	27	28	13	14	6	20	27	27	5	5	23	
27	16	14	21	23	28	6	17	23	17	24	7	7	27	21	7	13	9	7	18	22	8	24	8	17	11	9	15	7	16	15	9	5	21	6	13	12	21	26	6	21	15	16	18	25	21	13	12	16	26	19	20	15	20	6	22	26	15	22	23	27	14	7	28	6	17	21	18	11	27	28	13	14	6	20	27	27	5	5	23	28	19	12	28	15	10	27	13	14	25	20	5	7	10	28	15	28	20	23	9	
22	8	24	8	17	11	9	15	7	16	15	9	5	21	6	13	12	21	26	6	21	15	16	18	25	21	13	12	16	26	19	20	15	20	6	22	26	15	22	23	27	14	7	28	6	17	21	18	11	27	28	13	14	6	20	27	27	5	5	23	28	19	12	28	15	10	27	13	14	25	20	5	7	10	28	15	28	20	23	9	12	18	20	5	15	21	11	25	10	12	10	7	16	18	28	28	23	27	9	10	
21	15	16	18	25	21	13	12	16	26	19	20	15	20	6	22	26	15	22	23	27	14	7	28	6	17	21	18	11	27	28	13	14	6	20	27	27	5	5	23	28	19	12	28	15	10	27	13	14	25	20	5	7	10	28	15	28	20	23	9	12	18	20	5	15	21	11	25	10	12	10	7	16	18	28	28	23	27	9	10	28	12	23	21	10	26	27	6	17	10	11	8	13	21	14	24	12	26	21	16	
27	14	7	28	6	17	21	18	11	27	28	13	14	6	20	27	27	5	5	23	28	19	12	28	15	10	27	13	14	25	20	5	7	10	28	15	28	20	23	9	12	18	20	5	15	21	11	25	10	12	10	7	16	18	28	28	23	27	9	10	28	12	23	21	10	26	27	6	17	10	11	8	13	21	14	24	12	26	21	16	18	13	14	19	8	9	11	21	23	6	17	9	10	23	13	26	8	25	24	26	
28	19	12	28	15	10	27	13	14	25	20	5	7	10	28	15	28	20	23	9	12	18	20	5	15	21	11	25	10	12	10	7	16	18	28	28	23	27	9	10	28	12	23	21	10	26	27	6	17	10	11	8	13	21	14	24	12	26	21	16	18	13	14	19	8	9	11	21	23	6	17	9	10	23	13	26	8	25	24	26	14	7	13	18	5	20	19	19	8	9	12	23	16	11	28	26	21	22	6	14	
12	18	20	5	15	21	11	25	10	12	10	7	16	18	28	28	23	27	9	10	28	12	23	21	10	26	27	6	17	10	11	8	13	21	14	24	12	26	21	16	18	13	14	19	8	9	11	21	23	6	17	9	10	23	13	26	8	25	24	26	14	7	13	18	5	20	19	19	8	9	12	23	16	11	28	26	21	22	6	14	6	16	18	24	6	19	7	13	18	26	9	24	8	27	15	12	22	17	8	23	
28	12	23	21	10	26	27	6	17	10	11	8	13	21	14	24	12	26	21	16	18	13	14	19	8	9	11	21	23	6	17	9	10	23	13	26	8	25	24	26	14	7	13	18	5	20	19	19	8	9	12	23	16	11	28	26	21	22	6	14	6	16	18	24	6	19	7	13	18	26	9	24	8	27	15	12	22	17	8	23	10	24	8	11	10	26	17	14	26	11	8	10	7	27	17	6	8	12	14	20	
18	13	14	19	8	9	11	21	23	6	17	9	10	23	13	26	8	25	24	26	14	7	13	18	5	20	19	19	8	9	12	23	16	11	28	26	21	22	6	14	6	16	18	24	6	19	7	13	18	26	9	24	8	27	15	12	22	17	8	23	10	24	8	11	10	26	17	14	26	11	8	10	7	27	17	6	8	12	14	20	22	8	20	15	7	20	23	19	5	22	12	24	11	11	22	21	6	20	15	26	
14	7	13	18	5	20	19	19	8	9	12	23	16	11	28	26	21	22	6	14	6	16	18	24	6	19	7	13	18	26	9	24	8	27	15	12	22	17	8	23	10	24	8	11	10	26	17	14	26	11	8	10	7	27	17	6	8	12	14	20	22	8	20	15	7	20	23	19	5	22	12	24	11	11	22	21	6	20	15	26	12	23	15	25	25	28	5	23	5	10	8	12	17	16	8	10	17	14	16	15	
6	16	18	24	6	19	7	13	18	26	9	24	8	27	15	12	22	17	8	23	10	24	8	11	10	26	17	14	26	11	8	10	7	27	17	6	8	12	14	20	22	8	20	15	7	20	23	19	5	22	12	24	11	11	22	21	6	20	15	26	12	23	15	25	25	28	5	23	5	10	8	12	17	16	8	10	17	14	16	15	27	28	22	12	28	8	14	28	25	19	13	8	13	18	18	6	21	11	7	11	
10	24	8	11	10	26	17	14	26	11	8	10	7	27	17	6	8	12	14	20	22	8	20	15	7	20	23	19	5	22	12	24	11	11	22	21	6	20	15	26	12	23	15	25	25	28	5	23	5	10	8	12	17	16	8	10	17	14	16	15	27	28	22	12	28	8	14	28	25	19	13	8	13	18	18	6	21	11	7	11	27	11	13	22	20	27	9	11	26	14	23	22	27	13	5	16	25	5	10	9	
22	8	20	15	7	20	23	19	5	22	12	24	11	11	22	21	6	20	15	26	12	23	15	25	25	28	5	23	5	10	8	12	17	16	8	10	17	14	16	15	27	28	22	12	28	8	14	28	25	19	13	8	13	18	18	6	21	11	7	11	27	11	13	22	20	27	9	11	26	14	23	22	27	13	5	16	25	5	10	9	28	20	13	20	12	22	23	28	10	13	22	15	19	8	10	12	15	10	12	26	
12	23	15	25	25	28	5	23	5	10	8	12	17	16	8	10	17	14	16	15	27	28	22	12	28	8	14	28	25	19	13	8	13	18	18	6	21	11	7	11	27	11	13	22	20	27	9	11	26	14	23	22	27	13	5	16	25	5	10	9	28	20	13	20	12	22	23	28	10	13	22	15	19	8	10	12	15	10	12	26	17	10	10	21	10	5	28	11	26	19	7	25	17	10	17	10	13	8	6	6	
27	28	22	12	28	8	14	28	25	19	13	8	13	18	18	6	21	11	7	11	27	11	13	22	20	27	9	11	26	14	23	22	27	13	5	16	25	5	10	9	28	20	13	20	12	22	23	28	10	13	22	15	19	8	10	12	15	10	12	26	17	10	10	21	10	5	28	11	26	19	7	25	17	10	17	10	13	8	6	6	27	14	11	5	9	15	23	11	8	10	22	27	14	19	19	11	17	16	20	22	
27	11	13	22	20	27	9	11	26	14	23	22	27	13	5	16	25	5	10	9	28	20	13	20	12	22	23	28	10	13	22	15	19	8	10	12	15	10	12	26	17	10	10	21	10	5	28	11	26	19	7	25	17	10	17	10	13	8	6	6	27	14	11	5	9	15	23	11	8	10	22	27	14	19	19	11	17	16	20	22	11	5	16	5	21	10	24	6	9	18	5	18	5	17	10	13	16	12	11	7	
28	20	13	20	12	22	23	28	10	13	22	15	19	8	10	12	15	10	12	26	17	10	10	21	10	5	28	11	26	19	7	25	17	10	17	10	13	8	6	6	27	14	11	5	9	15	23	11	8	10	22	27	14	19	19	11	17	16	20	22	11	5	16	5	21	10	24	6	9	18	5	18	5	17	10	13	16	12	11	7	10	23	28	15	22	19	17	27	15	23	17	20	26	19	16	9	8	5	9	13	
17	10	10	21	10	5	28	11	26	19	7	25	17	10	17	10	13	8	6	6	27	14	11	5	9	15	23	11	8	10	22	27	14	19	19	11	17	16	20	22	11	5	16	5	21	10	24	6	9	18	5	18	5	17	10	13	16	12	11	7	10	23	28	15	22	19	17	27	15	23	17	20	26	19	16	9	8	5	9	13	18	19	22	21	24	11	20	23	17	10	27	13	28	26	9	16	28	19	19	8	
27	14	11	5	9	15	23	11	8	10	22	27	14	19	19	11	17	16	20	22	11	5	16	5	21	10	24	6	9	18	5	18	5	17	10	13	16	12	11	7	10	23	28	15	22	19	17	27	15	23	17	20	26	19	16	9	8	5	9	13	18	19	22	21	24	11	20	23	17	10	27	13	28	26	9	16	28	19	19	8	11	10	9	25	6	17	15	12	22	23	6	13	20	28	22	13	23	5	21	16	
11	5	16	5	21	10	24	6	9	18	5	18	5	17	10	13	16	12	11	7	10	23	28	15	22	19	17	27	15	23	17	20	26	19	16	9	8	5	9	13	18	19	22	21	24	11	20	23	17	10	27	13	28	26	9	16	28	19	19	8	11	10	9	25	6	17	15	12	22	23	6	13	20	28	22	13	23	5	21	16	18	25	11	19	14	25	23	8	9	16	22	16	21	13	28	7	22	12	22	25	
10	23	28	15	22	19	17	27	15	23	17	20	26	19	16	9	8	5	9	13	18	19	22	21	24	11	20	23	17	10	27	13	28	26	9	16	28	19	19	8	11	10	9	25	6	17	15	12	22	23	6	13	20	28	22	13	23	5	21	16	18	25	11	19	14	25	23	8	9	16	22	16	21	13	28	7	22	12	22	25	8	15	28	5	25	17	11	25	7	9	12	20	11	11	6	6	23	13	10	14	
18	19	22	21	24	11	20	23	17	10	27	13	28	26	9	16	28	19	19	8	11	10	9	25	6	17	15	12	22	23	6	13	20	28	22	13	23	5	21	16	18	25	11	19	14	25	23	8	9	16	22	16	21	13	28	7	22	12	22	25	8	15	28	5	25	17	11	25	7	9	12	20	11	11	6	6	23	13	10	14	15	5	7	21	11	20	10	24	15	16	13	7	7	19	19	5	9	24	26	17	
11	10	9	25	6	17	15	12	22	23	6	13	20	28	22	13	23	5	21	16	18	25	11	19	14	25	23	8	9	16	22	16	21	13	28	7	22	12	22	25	8	15	28	5	25	17	11	25	7	9	12	20	11	11	6	6	23	13	10	14	15	5	7	21	11	20	10	24	15	16	13	7	7	19	19	5	9	24	26	17	25	8	12	7	11	19	6	17	21	14	28	14	22	22	5	12	23	26	27	9	
18	25	11	19	14	25	23	8	9	16	22	16	21	13	28	7	22	12	22	25	8	15	28	5	25	17	11	25	7	9	12	20	11	11	6	6	23	13	10	14	15	5	7	21	11	20	10	24	15	16	13	7	7	19	19	5	9	24	26	17	25	8	12	7	11	19	6	17	21	14	28	14	22	22	5	12	23	26	27	9	8	19	22	6	18	16	21	13	10	11	17	5	21	5	9	25	11	7	10	14	
8	15	28	5	25	17	11	25	7	9	12	20	11	11	6	6	23	13	10	14	15	5	7	21	11	20	10	24	15	16	13	7	7	19	19	5	9	24	26	17	25	8	12	7	11	19	6	17	21	14	28	14	22	22	5	12	23	26	27	9	8	19	22	6	18	16	21	13	10	11	17	5	21	5	9	25	11	7	10	14	16	13	13	11	12	11	5	27	16	15	20	21	6	8	27	24	28	8	21	10	
15	5	7	21	11	20	10	24	15	16	13	7	7	19	19	5	9	24	26	17	25	8	12	7	11	19	6	17	21	14	28	14	22	22	5	12	23	26	27	9	8	19	22	6	18	16	21	13	10	11	17	5	21	5	9	25	11	7	10	14	16	13	13	11	12	11	5	27	16	15	20	21	6	8	27	24	28	8	21	10	28	25	19	28	27	18	20	17	20	21	26	14	6	6	20	10	14	11	18	24	
25	8	12	7	11	19	6	17	21	14	28	14	22	22	5	12	23	26	27	9	8	19	22	6	18	16	21	13	10	11	17	5	21	5	9	25	11	7	10	14	16	13	13	11	12	11	5	27	16	15	20	21	6	8	27	24	28	8	21	10	28	25	19	28	27	18	20	17	20	21	26	14	6	6	20	10	14	11	18	24	22	22	20	23	18	19	19	6	5	15	6	22	27	27	13	16	21	25	14	6	
8	19	22	6	18	16	21	13	10	11	17	5	21	5	9	25	11	7	10	14	16	13	13	11	12	11	5	27	16	15	20	21	6	8	27	24	28	8	21	10	28	25	19	28	27	18	20	17	20	21	26	14	6	6	20	10	14	11	18	24	22	22	20	23	18	19	19	6	5	15	6	22	27	27	13	16	21	25	14	6	27	13	9	24	5	19	7	20	6	5	19	7	8	20	5	16	8	14	17	8	
16	13	13	11	12	11	5	27	16	15	20	21	6	8	27	24	28	8	21	10	28	25	19	28	27	18	20	17	20	21	26	14	6	6	20	10	14	11	18	24	22	22	20	23	18	19	19	6	5	15	6	22	27	27	13	16	21	25	14	6	27	13	9	24	5	19	7	20	6	5	19	7	8	20	5	16	8	14	17	8	15	14	22	15	16	18	19	21	9	28	6	15	7	25	13	10	25	9	26	23	
28	25	19	28	27	18	20	17	20	21	26	14	6	6	20	10	14	11	18	24	22	22	20	23	18	19	19	6	5	15	6	22	27	27	13	16	21	25	14	6	27	13	9	24	5	19	7	20	6	5	19	7	8	20	5	16	8	14	17	8	15	14	22	15	16	18	19	21	9	28	6	15	7	25	13	10	25	9	26	23	12	7	15	7	9	26	9	22	20	26	27	11	15	8	23	22	14	9	16	7	
22	22	20	23	18	19	19	6	5	15	6	22	27	27	13	16	21	25	14	6	27	13	9	24	5	19	7	20	6	5	19	7	8	20	5	16	8	14	17	8	15	14	22	15	16	18	19	21	9	28	6	15	7	25	13	10	25	9	26	23	12	7	15	7	9	26	9	22	20	26	27	11	15	8	23	22	14	9	16	7	8	15	25	26	9	9	8	18	14	25	24	22	24	7	16	9	6	27	16	21	
27	13	9	24	5	19	7	20	6	5	19	7	8	20	5	16	8	14	17	8	15	14	22	15	16	18	19	21	9	28	6	15	7	25	13	10	25	9	26	23	12	7	15	7	9	26	9	22	20	26	27	11	15	8	23	22	14	9	16	7	8	15	25	26	9	9	8	18	14	25	24	22	24	7	16	9	6	27	16	21	6	25	6	12	25	22	17	15	18	6	6	11	9	24	7	15	26	28	22	14	
15	14	22	15	16	18	19	21	9	28	6	15	7	25	13	10	25	9	26	23	12	7	15	7	9	26	9	22	20	26	27	11	15	8	23	22	14	9	16	7	8	15	25	26	9	9	8	18	14	25	24	22	24	7	16	9	6	27	16	21	6	25	6	12	25	22	17	15	18	6	6	11	9	24	7	15	26	28	22	14	19	7	6	12	7	18	18	9	20	22	10	19	10	6	28	5	13	11	7	28	
12	7	15	7	9	26	9	22	20	26	27	11	15	8	23	22	14	9	16	7	8	15	25	26	9	9	8	18	14	25	24	22	24	7	16	9	6	27	16	21	6	25	6	12	25	22	17	15	18	6	6	11	9	24	7	15	26	28	22	14	19	7	6	12	7	18	18	9	20	22	10	19	10	6	28	5	13	11	7	28	6	22	16	14	24	7	10	6	16	8	15	22	28	10	26	16	11	17	9	7	
8	15	25	26	9	9	8	18	14	25	24	22	24	7	16	9	6	27	16	21	6	25	6	12	25	22	17	15	18	6	6	11	9	24	7	15	26	28	22	14	19	7	6	12	7	18	18	9	20	22	10	19	10	6	28	5	13	11	7	28	6	22	16	14	24	7	10	6	16	8	15	22	28	10	26	16	11	17	9	7	26	16	22	12	27	22	15	23	5	7	7	17	12	8	5	18	17	9	25	15	
6	25	6	12	25	22	17	15	18	6	6	11	9	24	7	15	26	28	22	14	19	7	6	12	7	18	18	9	20	22	10	19	10	6	28	5	13	11	7	28	6	22	16	14	24	7	10	6	16	8	15	22	28	10	26	16	11	17	9	7	26	16	22	12	27	22	15	23	5	7	7	17	12	8	5	18	17	9	25	15	24	24	19	23	6	14	15	11	23	24	25	17	10	23	14	22	15	28	25	7	
19	7	6	12	7	18	18	9	20	22	10	19	10	6	28	5	13	11	7	28	6	22	16	14	24	7	10	6	16	8	15	22	28	10	26	16	11	17	9	7	26	16	22	12	27	22	15	23	5	7	7	17	12	8	5	18	17	9	25	15	24	24	19	23	6	14	15	11	23	24	25	17	10	23	14	22	15	28	25	7	20	21	23	12	20	25	20	7	9	7	23	14	17	14	18	16	12	10	11	17	
6	22	16	14	24	7	10	6	16	8	15	22	28	10	26	16	11	17	9	7	26	16	22	12	27	22	15	23	5	7	7	17	12	8	5	18	17	9	25	15	24	24	19	23	6	14	15	11	23	24	25	17	10	23	14	22	15	28	25	7	20	21	23	12	20	25	20	7	9	7	23	14	17	14	18	16	12	10	11	17	17	25	15	15	7	12	27	28	27	25	15	26	16	8	16	5	11	24	20	24	
26	16	22	12	27	22	15	23	5	7	7	17	12	8	5	18	17	9	25	15	24	24	19	23	6	14	15	11	23	24	25	17	10	23	14	22	15	28	25	7	20	21	23	12	20	25	20	7	9	7	23	14	17	14	18	16	12	10	11	17	17	25	15	15	7	12	27	28	27	25	15	26	16	8	16	5	11	24	20	24	20	25	10	21	11	19	17	7	25	20	25	6	10	22	26	23	28	21	11	25	
24	24	19	23	6	14	15	11	23	24	25	17	10	23	14	22	15	28	25	7	20	21	23	12	20	25	20	7	9	7	23	14	17	14	18	16	12	10	11	17	17	25	15	15	7	12	27	28	27	25	15	26	16	8	16	5	11	24	20	24	20	25	10	21	11	19	17	7	25	20	25	6	10	22	26	23	28	21	11	25	22	11	27	24	8	13	18	5	26	20	10	24	5	10	20	16	18	10	19	11	
20	21	23	12	20	25	20	7	9	7	23	14	17	14	18	16	12	10	11	17	17	25	15	15	7	12	27	28	27	25	15	26	16	8	16	5	11	24	20	24	20	25	10	21	11	19	17	7	25	20	25	6	10	22	26	23	28	21	11	25	22	11	27	24	8	13	18	5	26	20	10	24	5	10	20	16	18	10	19	11	7	6	17	10	12	22	15	20	21	7	28	21	22	24	5	13	25	6	20	10	
17	25	15	15	7	12	27	28	27	25	15	26	16	8	16	5	11	24	20	24	20	25	10	21	11	19	17	7	25	20	25	6	10	22	26	23	28	21	11	25	22	11	27	24	8	13	18	5	26	20	10	24	5	10	20	16	18	10	19	11	7	6	17	10	12	22	15	20	21	7	28	21	22	24	5	13	25	6	20	10	22	27	14	5	17	5	21	9	12	14	5	12	15	12	8	24	16	9	14	6	
20	25	10	21	11	19	17	7	25	20	25	6	10	22	26	23	28	21	11	25	22	11	27	24	8	13	18	5	26	20	10	24	5	10	20	16	18	10	19	11	7	6	17	10	12	22	15	20	21	7	28	21	22	24	5	13	25	6	20	10	22	27	14	5	17	5	21	9	12	14	5	12	15	12	8	24	16	9	14	6	26	18	5	22	7	12	11	13	19	19	27	23	8	21	5	16	22	25	19	18	
22	11	27	24	8	13	18	5	26	20	10	24	5	10	20	16	18	10	19	11	7	6	17	10	12	22	15	20	21	7	28	21	22	24	5	13	25	6	20	10	22	27	14	5	17	5	21	9	12	14	5	12	15	12	8	24	16	9	14	6	26	18	5	22	7	12	11	13	19	19	27	23	8	21	5	16	22	25	19	18	16	15	23	19	24	21	20	21	23	25	25	19	7	11	20	12	22	18	8	9	
7	6	17	10	12	22	15	20	21	7	28	21	22	24	5	13	25	6	20	10	22	27	14	5	17	5	21	9	12	14	5	12	15	12	8	24	16	9	14	6	26	18	5	22	7	12	11	13	19	19	27	23	8	21	5	16	22	25	19	18	16	15	23	19	24	21	20	21	23	25	25	19	7	11	20	12	22	18	8	9	5	16	19	11	11	27	13	9	17	20	15	18	23	11	6	5	13	19	7	12	
22	27	14	5	17	5	21	9	12	14	5	12	15	12	8	24	16	9	14	6	26	18	5	22	7	12	11	13	19	19	27	23	8	21	5	16	22	25	19	18	16	15	23	19	24	21	20	21	23	25	25	19	7	11	20	12	22	18	8	9	5	16	19	11	11	27	13	9	17	20	15	18	23	11	6	5	13	19	7	12	25	21	24	21	25	7	19	11	18	8	23	13	25	5	17	25	26	26	8	22	
26	18	5	22	7	12	11	13	19	19	27	23	8	21	5	16	22	25	19	18	16	15	23	19	24	21	20	21	23	25	25	19	7	11	20	12	22	18	8	9	5	16	19	11	11	27	13	9	17	20	15	18	23	11	6	5	13	19	7	12	25	21	24	21	25	7	19	11	18	8	23	13	25	5	17	25	26	26	8	22	22	19	17	14	9	12	18	8	18	18	15	27	21	18	17	6	6	25	10	28	
16	15	23	19	24	21	20	21	23	25	25	19	7	11	20	12	22	18	8	9	5	16	19	11	11	27	13	9	17	20	15	18	23	11	6	5	13	19	7	12	25	21	24	21	25	7	19	11	18	8	23	13	25	5	17	25	26	26	8	22	22	19	17	14	9	12	18	8	18	18	15	27	21	18	17	6	6	25	10	28	23	10	10	20	13	27	23	14	6	10	12	13	15	19	7	7	25	5	15	15	
5	16	19	11	11	27	13	9	17	20	15	18	23	11	6	5	13	19	7	12	25	21	24	21	25	7	19	11	18	8	23	13	25	5	17	25	26	26	8	22	22	19	17	14	9	12	18	8	18	18	15	27	21	18	17	6	6	25	10	28	23	10	10	20	13	27	23	14	6	10	12	13	15	19	7	7	25	5	15	15	17	26	18	20	16	23	6	18	20	24	5	19	18	11	22	20	14	10	20	22	
25	21	24	21	25	7	19	11	18	8	23	13	25	5	17	25	26	26	8	22	22	19	17	14	9	12	18	8	18	18	15	27	21	18	17	6	6	25	10	28	23	10	10	20	13	27	23	14	6	10	12	13	15	19	7	7	25	5	15	15	17	26	18	20	16	23	6	18	20	24	5	19	18	11	22	20	14	10	20	22	10	16	12	15	6	13	8	18	18	28	8	18	12	14	28	6	28	21	23	20	
22	19	17	14	9	12	18	8	18	18	15	27	21	18	17	6	6	25	10	28	23	10	10	20	13	27	23	14	6	10	12	13	15	19	7	7	25	5	15	15	17	26	18	20	16	23	6	18	20	24	5	19	18	11	22	20	14	10	20	22	10	16	12	15	6	13	8	18	18	28	8	18	12	14	28	6	28	21	23	20	8	16	13	24	23	6	9	6	17	16	25	8	13	16	18	11	28	11	24	19	
23	10	10	20	13	27	23	14	6	10	12	13	15	19	7	7	25	5	15	15	17	26	18	20	16	23	6	18	20	24	5	19	18	11	22	20	14	10	20	22	10	16	12	15	6	13	8	18	18	28	8	18	12	14	28	6	28	21	23	20	8	16	13	24	23	6	9	6	17	16	25	8	13	16	18	11	28	11	24	19	23	26	11	9	7	22	26	13	27	19	18	8	20	25	22	8	8	19	11	21	
17	26	18	20	16	23	6	18	20	24	5	19	18	11	22	20	14	10	20	22	10	16	12	15	6	13	8	18	18	28	8	18	12	14	28	6	28	21	23	20	8	16	13	24	23	6	9	6	17	16	25	8	13	16	18	11	28	11	24	19	23	26	11	9	7	22	26	13	27	19	18	8	20	25	22	8	8	19	11	21	10	28	24	11	21	8	9	28	17	16	25	21	19	13	28	27	21	15	6	10	
10	16	12	15	6	13	8	18	18	28	8	18	12	14	28	6	28	21	23	20	8	16	13	24	23	6	9	6	17	16	25	8	13	16	18	11	28	11	24	19	23	26	11	9	7	22	26	13	27	19	18	8	20	25	22	8	8	19	11	21	10	28	24	11	21	8	9	28	17	16	25	21	19	13	28	27	21	15	6	10	7	10	11	24	26	26	8	9	15	27	7	7	25	15	8	14	17	22	17	22	
8	16	13	24	23	6	9	6	17	16	25	8	13	16	18	11	28	11	24	19	23	26	11	9	7	22	26	13	27	19	18	8	20	25	22	8	8	19	11	21	10	28	24	11	21	8	9	28	17	16	25	21	19	13	28	27	21	15	6	10	7	10	11	24	26	26	8	9	15	27	7	7	25	15	8	14	17	22	17	22	21	14	16	9	19	20	27	24	28	20	22	25	17	5	17	21	21	9	21	7	
23	26	11	9	7	22	26	13	27	19	18	8	20	25	22	8	8	19	11	21	10	28	24	11	21	8	9	28	17	16	25	21	19	13	28	27	21	15	6	10	7	10	11	24	26	26	8	9	15	27	7	7	25	15	8	14	17	22	17	22	21	14	16	9	19	20	27	24	28	20	22	25	17	5	17	21	21	9	21	7	17	18	5	7	16	6	13	27	24	25	11	25	21	27	6	24	15	20	19	27	
10	28	24	11	21	8	9	28	17	16	25	21	19	13	28	27	21	15	6	10	7	10	11	24	26	26	8	9	15	27	7	7	25	15	8	14	17	22	17	22	21	14	16	9	19	20	27	24	28	20	22	25	17	5	17	21	21	9	21	7	17	18	5	7	16	6	13	27	24	25	11	25	21	27	6	24	15	20	19	27	19	23	10	23	28	15	23	10	28	23	9	23	23	27	22	9	20	25	5	15	
7	10	11	24	26	26	8	9	15	27	7	7	25	15	8	14	17	22	17	22	21	14	16	9	19	20	27	24	28	20	22	25	17	5	17	21	21	9	21	7	17	18	5	7	16	6	13	27	24	25	11	25	21	27	6	24	15	20	19	27	19	23	10	23	28	15	23	10	28	23	9	23	23	27	22	9	20	25	5	15	17	10	7	21	6	17	9	11	18	10	22	15	22	17	20	8	19	19	5	24	
21	14	16	9	19	20	27	24	28	20	22	25	17	5	17	21	21	9	21	7	17	18	5	7	16	6	13	27	24	25	11	25	21	27	6	24	15	20	19	27	19	23	10	23	28	15	23	10	28	23	9	23	23	27	22	9	20	25	5	15	17	10	7	21	6	17	9	11	18	10	22	15	22	17	20	8	19	19	5	24	9	16	22	22	28	5	26	5	20	26	24	18	20	7	9	15	18	22	12	20	
17	18	5	7	16	6	13	27	24	25	11	25	21	27	6	24	15	20	19	27	19	23	10	23	28	15	23	10	28	23	9	23	23	27	22	9	20	25	5	15	17	10	7	21	6	17	9	11	18	10	22	15	22	17	20	8	19	19	5	24	9	16	22	22	28	5	26	5	20	26	24	18	20	7	9	15	18	22	12	20	6	11	10	25	11	28	24	11	6	13	18	9	28	9	26	10	28	9	10	27	
19	23	10	23	28	15	23	10	28	23	9	23	23	27	22	9	20	25	5	15	17	10	7	21	6	17	9	11	18	10	22	15	22	17	20	8	19	19	5	24	9	16	22	22	28	5	26	5	20	26	24	18	20	7	9	15	18	22	12	20	6	11	10	25	11	28	24	11	6	13	18	9	28	9	26	10	28	9	10	27	6	7	24	26	5	26	21	28	6	5	6	18	6	28	17	19	12	15	9	20	
17	10	7	21	6	17	9	11	18	10	22	15	22	17	20	8	19	19	5	24	9	16	22	22	28	5	26	5	20	26	24	18	20	7	9	15	18	22	12	20	6	11	10	25	11	28	24	11	6	13	18	9	28	9	26	10	28	9	10	27	6	7	24	26	5	26	21	28	6	5	6	18	6	28	17	19	12	15	9	20	10	23	21	18	6	24	14	6	15	19	26	5	21	23	21	12	11	23	27	18	
9	16	22	22	28	5	26	5	20	26	24	18	20	7	9	15	18	22	12	20	6	11	10	25	11	28	24	11	6	13	18	9	28	9	26	10	28	9	10	27	6	7	24	26	5	26	21	28	6	5	6	18	6	28	17	19	12	15	9	20	10	23	21	18	6	24	14	6	15	19	26	5	21	23	21	12	11	23	27	18	13	14	20	7	22	6	14	12	13	6	20	21	12	21	27	18	7	23	5	27	
6	11	10	25	11	28	24	11	6	13	18	9	28	9	26	10	28	9	10	27	6	7	24	26	5	26	21	28	6	5	6	18	6	28	17	19	12	15	9	20	10	23	21	18	6	24	14	6	15	19	26	5	21	23	21	12	11	23	27	18	13	14	20	7	22	6	14	12	13	6	20	21	12	21	27	18	7	23	5	27	5	6	7	20	24	20	20	18	23	20	15	7	23	15	21	14	13	28	11	15	
6	7	24	26	5	26	21	28	6	5	6	18	6	28	17	19	12	15	9	20	10	23	21	18	6	24	14	6	15	19	26	5	21	23	21	12	11	23	27	18	13	14	20	7	22	6	14	12	13	6	20	21	12	21	27	18	7	23	5	27	5	6	7	20	24	20	20	18	23	20	15	7	23	15	21	14	13	28	11	15	18	5	25	19	8	23	18	24	16	11	20	5	9	19	9	12	21	9	15	10	
10	23	21	18	6	24	14	6	15	19	26	5	21	23	21	12	11	23	27	18	13	14	20	7	22	6	14	12	13	6	20	21	12	21	27	18	7	23	5	27	5	6	7	20	24	20	20	18	23	20	15	7	23	15	21	14	13	28	11	15	18	5	25	19	8	23	18	24	16	11	20	5	9	19	9	12	21	9	15	10	10	12	17	19	27	26	22	27	16	14	22	27	13	11	15	24	26	22	27	25	
13	14	20	7	22	6	14	12	13	6	20	21	12	21	27	18	7	23	5	27	5	6	7	20	24	20	20	18	23	20	15	7	23	15	21	14	13	28	11	15	18	5	25	19	8	23	18	24	16	11	20	5	9	19	9	12	21	9	15	10	10	12	17	19	27	26	22	27	16	14	22	27	13	11	15	24	26	22	27	25	16	12	27	25	6	22	23	19	25	27	22	20	5	18	26	25	20	28	22	16	
5	6	7	20	24	20	20	18	23	20	15	7	23	15	21	14	13	28	11	15	18	5	25	19	8	23	18	24	16	11	20	5	9	19	9	12	21	9	15	10	10	12	17	19	27	26	22	27	16	14	22	27	13	11	15	24	26	22	27	25	16	12	27	25	6	22	23	19	25	27	22	20	5	18	26	25	20	28	22	16	25	22	20	6	27	11	9	26	15	14	9	19	16	25	28	12	26	26	18	16	
18	5	25	19	8	23	18	24	16	11	20	5	9	19	9	12	21	9	15	10	10	12	17	19	27	26	22	27	16	14	22	27	13	11	15	24	26	22	27	25	16	12	27	25	6	22	23	19	25	27	22	20	5	18	26	25	20	28	22	16	25	22	20	6	27	11	9	26	15	14	9	19	16	25	28	12	26	26	18	16	6	27	8	16	14	28	15	23	22	6	13	13	15	8	21	25	20	5	25	10	
10	12	17	19	27	26	22	27	16	14	22	27	13	11	15	24	26	22	27	25	16	12	27	25	6	22	23	19	25	27	22	20	5	18	26	25	20	28	22	16	25	22	20	6	27	11	9	26	15	14	9	19	16	25	28	12	26	26	18	16	6	27	8	16	14	28	15	23	22	6	13	13	15	8	21	25	20	5	25	10	24	17	9	19	14	8	10	18	27	9	28	19	26	12	15	20	25	7	19	7	
16	12	27	25	6	22	23	19	25	27	22	20	5	18	26	25	20	28	22	16	25	22	20	6	27	11	9	26	15	14	9	19	16	25	28	12	26	26	18	16	6	27	8	16	14	28	15	23	22	6	13	13	15	8	21	25	20	5	25	10	24	17	9	19	14	8	10	18	27	9	28	19	26	12	15	20	25	7	19	7	14	25	16	17	20	11	15	15	23	12	26	14	27	28	8	10	9	20	28	22	
25	22	20	6	27	11	9	26	15	14	9	19	16	25	28	12	26	26	18	16	6	27	8	16	14	28	15	23	22	6	13	13	15	8	21	25	20	5	25	10	24	17	9	19	14	8	10	18	27	9	28	19	26	12	15	20	25	7	19	7	14	25	16	17	20	11	15	15	23	12	26	14	27	28	8	10	9	20	28	22	8	25	5	24	5	6	19	28	16	8	7	15	17	6	13	6	13	12	8	19	
6	27	8	16	14	28	15	23	22	6	13	13	15	8	21	25	20	5	25	10	24	17	9	19	14	8	10	18	27	9	28	19	26	12	15	20	25	7	19	7	14	25	16	17	20	11	15	15	23	12	26	14	27	28	8	10	9	20	28	22	8	25	5	24	5	6	19	28	16	8	7	15	17	6	13	6	13	12	8	19	15	8	14	13	15	6	28	9	16	26	9	8	22	22	14	25	25	12	21	15	
24	17	9	19	14	8	10	18	27	9	28	19	26	12	15	20	25	7	19	7	14	25	16	17	20	11	15	15	23	12	26	14	27	28	8	10	9	20	28	22	8	25	5	24	5	6	19	28	16	8	7	15	17	6	13	6	13	12	8	19	15	8	14	13	15	6	28	9	16	26	9	8	22	22	14	25	25	12	21	15	21	19	11	21	17	19	5	14	28	26	21	24	6	5	9	17	15	6	16	7	
14	25	16	17	20	11	15	15	23	12	26	14	27	28	8	10	9	20	28	22	8	25	5	24	5	6	19	28	16	8	7	15	17	6	13	6	13	12	8	19	15	8	14	13	15	6	28	9	16	26	9	8	22	22	14	25	25	12	21	15	21	19	11	21	17	19	5	14	28	26	21	24	6	5	9	17	15	6	16	7	11	9	9	7	12	22	11	17	7	12	20	27	13	25	28	12	9	10	21	23	
8	25	5	24	5	6	19	28	16	8	7	15	17	6	13	6	13	12	8	19	15	8	14	13	15	6	28	9	16	26	9	8	22	22	14	25	25	12	21	15	21	19	11	21	17	19	5	14	28	26	21	24	6	5	9	17	15	6	16	7	11	9	9	7	12	22	11	17	7	12	20	27	13	25	28	12	9	10	21	23	7	10	26	26	22	28	16	21	16	14	22	23	14	19	12	26	19	7	20	17	
15	8	14	13	15	6	28	9	16	26	9	8	22	22	14	25	25	12	21	15	21	19	11	21	17	19	5	14	28	26	21	24	6	5	9	17	15	6	16	7	11	9	9	7	12	22	11	17	7	12	20	27	13	25	28	12	9	10	21	23	7	10	26	26	22	28	16	21	16	14	22	23	14	19	12	26	19	7	20	17	9	22	13	22	10	22	21	6	8	12	18	12	8	25	10	17	25	9	24	7	
21	19	11	21	17	19	5	14	28	26	21	24	6	5	9	17	15	6	16	7	11	9	9	7	12	22	11	17	7	12	20	27	13	25	28	12	9	10	21	23	7	10	26	26	22	28	16	21	16	14	22	23	14	19	12	26	19	7	20	17	9	22	13	22	10	22	21	6	8	12	18	12	8	25	10	17	25	9	24	7	14	21	27	5	15	9	25	25	18	27	12	25	11	11	21	7	8	23	12	11	
11	9	9	7	12	22	11	17	7	12	20	27	13	25	28	12	9	10	21	23	7	10	26	26	22	28	16	21	16	14	22	23	14	19	12	26	19	7	20	17	9	22	13	22	10	22	21	6	8	12	18	12	8	25	10	17	25	9	24	7	14	21	27	5	15	9	25	25	18	27	12	25	11	11	21	7	8	23	12	11	26	11	16	21	20	12	6	24	7	13	17	8	19	25	16	19	16	26	20	5	
7	10	26	26	22	28	16	21	16	14	22	23	14	19	12	26	19	7	20	17	9	22	13	22	10	22	21	6	8	12	18	12	8	25	10	17	25	9	24	7	14	21	27	5	15	9	25	25	18	27	12	25	11	11	21	7	8	23	12	11	26	11	16	21	20	12	6	24	7	13	17	8	19	25	16	19	16	26	20	5	14	5	18	8	28	12	12	14	9	6	5	28	26	25	23	15	15	28	20	16	
9	22	13	22	10	22	21	6	8	12	18	12	8	25	10	17	25	9	24	7	14	21	27	5	15	9	25	25	18	27	12	25	11	11	21	7	8	23	12	11	26	11	16	21	20	12	6	24	7	13	17	8	19	25	16	19	16	26	20	5	14	5	18	8	28	12	12	14	9	6	5	28	26	25	23	15	15	28	20	16	11	16	25	27	27	28	7	5	9	8	25	20	15	14	25	20	16	6	6	25	
14	21	27	5	15	9	25	25	18	27	12	25	11	11	21	7	8	23	12	11	26	11	16	21	20	12	6	24	7	13	17	8	19	25	16	19	16	26	20	5	14	5	18	8	28	12	12	14	9	6	5	28	26	25	23	15	15	28	20	16	11	16	25	27	27	28	7	5	9	8	25	20	15	14	25	20	16	6	6	25	11	6	14	14	10	18	6	18	9	10	18	25	18	5	8	14	20	6	19	26	
26	11	16	21	20	12	6	24	7	13	17	8	19	25	16	19	16	26	20	5	14	5	18	8	28	12	12	14	9	6	5	28	26	25	23	15	15	28	20	16	11	16	25	27	27	28	7	5	9	8	25	20	15	14	25	20	16	6	6	25	11	6	14	14	10	18	6	18	9	10	18	25	18	5	8	14	20	6	19	26	13	27	26	10	25	28	28	21	5	13	14	24	5	9	22	6	5	26	6	6	
14	5	18	8	28	12	12	14	9	6	5	28	26	25	23	15	15	28	20	16	11	16	25	27	27	28	7	5	9	8	25	20	15	14	25	20	16	6	6	25	11	6	14	14	10	18	6	18	9	10	18	25	18	5	8	14	20	6	19	26	13	27	26	10	25	28	28	21	5	13	14	24	5	9	22	6	5	26	6	6	10	9	23	25	17	18	27	5	23	16	14	12	26	10	15	28	19	27	7	26	


Suma de elementos fila # 1: 1721
Suma de elementos columna # 1: 1643
Suma total de fila y columna # 1: 3364

Suma de elementos fila # 2: 1760
Suma de elementos columna # 2: 1653
Suma total de fila y columna # 2: 3413

Suma de elementos fila # 3: 1714
Suma de elementos columna # 3: 1557
Suma total de fila y columna # 3: 3271

Suma de elementos fila # 4: 1745
Suma de elementos columna # 4: 1682
Suma total de fila y columna # 4: 3427

Suma de elementos fila # 5: 1748
Suma de elementos columna # 5: 1559
Suma total de fila y columna # 5: 3307

Suma de elementos fila # 6: 1728
Suma de elementos columna # 6: 1718
Suma total de fila y columna # 6: 3446

Suma de elementos fila # 7: 1693
Suma de elementos columna # 7: 1592
Suma total de fila y columna # 7: 3285

Suma de elementos fila # 8: 1718
Suma de elementos columna # 8: 1644
Suma total de fila y columna # 8: 3362

Suma de elementos fila # 9: 1691
Suma de elementos columna # 9: 1668
Suma total de fila y columna # 9: 3359

Suma de elementos fila # 10: 1691
Suma de elementos columna # 10: 1703
Suma total de fila y columna # 10: 3394

Suma de elementos fila # 11: 1615
Suma de elementos columna # 11: 1677
Suma total de fila y columna # 11: 3292

Suma de elementos fila # 12: 1659
Suma de elementos columna # 12: 1665
Suma total de fila y columna # 12: 3324

Suma de elementos fila # 13: 1666
Suma de elementos columna # 13: 1577
Suma total de fila y columna # 13: 3243

Suma de elementos fila # 14: 1669
Suma de elementos columna # 14: 1638
Suma total de fila y columna # 14: 3307

Suma de elementos fila # 15: 1617
Suma de elementos columna # 15: 1647
Suma total de fila y columna # 15: 3264

Suma de elementos fila # 16: 1711
Suma de elementos columna # 16: 1581
Suma total de fila y columna # 16: 3292

Suma de elementos fila # 17: 1687
Suma de elementos columna # 17: 1754
Suma total de fila y columna # 17: 3441

Suma de elementos fila # 18: 1674
Suma de elementos columna # 18: 1603
Suma total de fila y columna # 18: 3277

Suma de elementos fila # 19: 1667
Suma de elementos columna # 19: 1605
Suma total de fila y columna # 19: 3272

Suma de elementos fila # 20: 1742
Suma de elementos columna # 20: 1627
Suma total de fila y columna # 20: 3369

Suma de elementos fila # 21: 1694
Suma de elementos columna # 21: 1640
Suma total de fila y columna # 21: 3334

Suma de elementos fila # 22: 1661
Suma de elementos columna # 22: 1660
Suma total de fila y columna # 22: 3321

Suma de elementos fila # 23: 1623
Suma de elementos columna # 23: 1577
Suma total de fila y columna # 23: 3200

Suma de elementos fila # 24: 1584
Suma de elementos columna # 24: 1694
Suma total de fila y columna # 24: 3278

Suma de elementos fila # 25: 1567
Suma de elementos columna # 25: 1562
Suma total de fila y columna # 25: 3129

Suma de elementos fila # 26: 1548
Suma de elementos columna # 26: 1721
Suma total de fila y columna # 26: 3269

Suma de elementos fila # 27: 1574
Suma de elementos columna # 27: 1590
Suma total de fila y columna # 27: 3164

Suma de elementos fila # 28: 1591
Suma de elementos columna # 28: 1631
Suma total de fila y columna # 28: 3222

Suma de elementos fila # 29: 1643
Suma de elementos columna # 29: 1661
Suma total de fila y columna # 29: 3304

Suma de elementos fila # 30: 1590
Suma de elementos columna # 30: 1686
Suma total de fila y columna # 30: 3276

Suma de elementos fila # 31: 1606
Suma de elementos columna # 31: 1695
Suma total de fila y columna # 31: 3301

Suma de elementos fila # 32: 1508
Suma de elementos columna # 32: 1678
Suma total de fila y columna # 32: 3186

Suma de elementos fila # 33: 1514
Suma de elementos columna # 33: 1585
Suma total de fila y columna # 33: 3099

Suma de elementos fila # 34: 1554
Suma de elementos columna # 34: 1633
Suma total de fila y columna # 34: 3187

Suma de elementos fila # 35: 1595
Suma de elementos columna # 35: 1657
Suma total de fila y columna # 35: 3252

Suma de elementos fila # 36: 1631
Suma de elementos columna # 36: 1580
Suma total de fila y columna # 36: 3211

Suma de elementos fila # 37: 1668
Suma de elementos columna # 37: 1742
Suma total de fila y columna # 37: 3410

Suma de elementos fila # 38: 1617
Suma de elementos columna # 38: 1594
Suma total de fila y columna # 38: 3211

Suma de elementos fila # 39: 1567
Suma de elementos columna # 39: 1595
Suma total de fila y columna # 39: 3162

Suma de elementos fila # 40: 1518
Suma de elementos columna # 40: 1627
Suma total de fila y columna # 40: 3145

Suma de elementos fila # 41: 1474
Suma de elementos columna # 41: 1625
Suma total de fila y columna # 41: 3099

Suma de elementos fila # 42: 1570
Suma de elementos columna # 42: 1645
Suma total de fila y columna # 42: 3215

Suma de elementos fila # 43: 1626
Suma de elementos columna # 43: 1585
Suma total de fila y columna # 43: 3211

Suma de elementos fila # 44: 1555
Suma de elementos columna # 44: 1700
Suma total de fila y columna # 44: 3255

Suma de elementos fila # 45: 1623
Suma de elementos columna # 45: 1558
Suma total de fila y columna # 45: 3181

Suma de elementos fila # 46: 1616
Suma de elementos columna # 46: 1726
Suma total de fila y columna # 46: 3342

Suma de elementos fila # 47: 1573
Suma de elementos columna # 47: 1581
Suma total de fila y columna # 47: 3154

Suma de elementos fila # 48: 1541
Suma de elementos columna # 48: 1625
Suma total de fila y columna # 48: 3166

Suma de elementos fila # 49: 1559
Suma de elementos columna # 49: 1657
Suma total de fila y columna # 49: 3216

Suma de elementos fila # 50: 1513
Suma de elementos columna # 50: 1676
Suma total de fila y columna # 50: 3189

Suma de elementos fila # 51: 1516
Suma de elementos columna # 51: 1691
Suma total de fila y columna # 51: 3207

Suma de elementos fila # 52: 1556
Suma de elementos columna # 52: 1690
Suma total de fila y columna # 52: 3246

Suma de elementos fila # 53: 1558
Suma de elementos columna # 53: 1578
Suma total de fila y columna # 53: 3136

Suma de elementos fila # 54: 1646
Suma de elementos columna # 54: 1616
Suma total de fila y columna # 54: 3262

Suma de elementos fila # 55: 1728
Suma de elementos columna # 55: 1637
Suma total de fila y columna # 55: 3365

Suma de elementos fila # 56: 1737
Suma de elementos columna # 56: 1567
Suma total de fila y columna # 56: 3304

Suma de elementos fila # 57: 1679
Suma de elementos columna # 57: 1736
Suma total de fila y columna # 57: 3415

Suma de elementos fila # 58: 1630
Suma de elementos columna # 58: 1589
Suma total de fila y columna # 58: 3219

Suma de elementos fila # 59: 1603
Suma de elementos columna # 59: 1586
Suma total de fila y columna # 59: 3189

Suma de elementos fila # 60: 1589
Suma de elementos columna # 60: 1632
Suma total de fila y columna # 60: 3221

Suma de elementos fila # 61: 1549
Suma de elementos columna # 61: 1621
Suma total de fila y columna # 61: 3170

Suma de elementos fila # 62: 1607
Suma de elementos columna # 62: 1661
Suma total de fila y columna # 62: 3268

Suma de elementos fila # 63: 1668
Suma de elementos columna # 63: 1603
Suma total de fila y columna # 63: 3271

Suma de elementos fila # 64: 1621
Suma de elementos columna # 64: 1695
Suma total de fila y columna # 64: 3316

Suma de elementos fila # 65: 1612
Suma de elementos columna # 65: 1559
Suma total de fila y columna # 65: 3171

Suma de elementos fila # 66: 1657
Suma de elementos columna # 66: 1742
Suma total de fila y columna # 66: 3399

Suma de elementos fila # 67: 1599
Suma de elementos columna # 67: 1586
Suma total de fila y columna # 67: 3185

Suma de elementos fila # 68: 1614
Suma de elementos columna # 68: 1641
Suma total de fila y columna # 68: 3255

Suma de elementos fila # 69: 1682
Suma de elementos columna # 69: 1640
Suma total de fila y columna # 69: 3322

Suma de elementos fila # 70: 1650
Suma de elementos columna # 70: 1661
Suma total de fila y columna # 70: 3311

Suma de elementos fila # 71: 1691
Suma de elementos columna # 71: 1684
Suma total de fila y columna # 71: 3375

Suma de elementos fila # 72: 1733
Suma de elementos columna # 72: 1692
Suma total de fila y columna # 72: 3425

Suma de elementos fila # 73: 1770
Suma de elementos columna # 73: 1565
Suma total de fila y columna # 73: 3335

Suma de elementos fila # 74: 1710
Suma de elementos columna # 74: 1613
Suma total de fila y columna # 74: 3323

Suma de elementos fila # 75: 1737
Suma de elementos columna # 75: 1633
Suma total de fila y columna # 75: 3370

Suma de elementos fila # 76: 1693
Suma de elementos columna # 76: 1563
Suma total de fila y columna # 76: 3256

Suma de elementos fila # 77: 1644
Suma de elementos columna # 77: 1729
Suma total de fila y columna # 77: 3373

Suma de elementos fila # 78: 1607
Suma de elementos columna # 78: 1607
Suma total de fila y columna # 78: 3214

Suma de elementos fila # 79: 1618
Suma de elementos columna # 79: 1569
Suma total de fila y columna # 79: 3187

Suma de elementos fila # 80: 1599
Suma de elementos columna # 80: 1630
Suma total de fila y columna # 80: 3229

Suma de elementos fila # 81: 1576
Suma de elementos columna # 81: 1625
Suma total de fila y columna # 81: 3201

Suma de elementos fila # 82: 1674
Suma de elementos columna # 82: 1654
Suma total de fila y columna # 82: 3328

Suma de elementos fila # 83: 1735
Suma de elementos columna # 83: 1614
Suma total de fila y columna # 83: 3349

Suma de elementos fila # 84: 1797
Suma de elementos columna # 84: 1711
Suma total de fila y columna # 84: 3508

Suma de elementos fila # 85: 1792
Suma de elementos columna # 85: 1567
Suma total de fila y columna # 85: 3359

Suma de elementos fila # 86: 1829
Suma de elementos columna # 86: 1747
Suma total de fila y columna # 86: 3576

Suma de elementos fila # 87: 1787
Suma de elementos columna # 87: 1593
Suma total de fila y columna # 87: 3380

Suma de elementos fila # 88: 1643
Suma de elementos columna # 88: 1628
Suma total de fila y columna # 88: 3271

Suma de elementos fila # 89: 1596
Suma de elementos columna # 89: 1645
Suma total de fila y columna # 89: 3241

Suma de elementos fila # 90: 1583
Suma de elementos columna # 90: 1670
Suma total de fila y columna # 90: 3253

Suma de elementos fila # 91: 1555
Suma de elementos columna # 91: 1671
Suma total de fila y columna # 91: 3226

Suma de elementos fila # 92: 1560
Suma de elementos columna # 92: 1684
Suma total de fila y columna # 92: 3244

Suma de elementos fila # 93: 1600
Suma de elementos columna # 93: 1567
Suma total de fila y columna # 93: 3167

Suma de elementos fila # 94: 1604
Suma de elementos columna # 94: 1615
Suma total de fila y columna # 94: 3219

Suma de elementos fila # 95: 1624
Suma de elementos columna # 95: 1625
Suma total de fila y columna # 95: 3249

Suma de elementos fila # 96: 1646
Suma de elementos columna # 96: 1564
Suma total de fila y columna # 96: 3210

Suma de elementos fila # 97: 1616
Suma de elementos columna # 97: 1741
Suma total de fila y columna # 97: 3357

Suma de elementos fila # 98: 1591
Suma de elementos columna # 98: 1608
Suma total de fila y columna # 98: 3199

Suma de elementos fila # 99: 1583
Suma de elementos columna # 99: 1556
Suma total de fila y columna # 99: 3139

Suma de elementos fila # 100: 1613
Suma de elementos columna # 100: 1646
Suma total de fila y columna # 100: 3259

